100000900020003000000001000000400000006000007070800403800000020000907000050006000
100000900020003000000001000000400000006000007070800403800000020000907000050006000
100008000008026000000045000000000030700000000090000000600090000300050000000700000
007010000340000000000460000090300800000007010005209000260000000000000524000900100
000000000000234000950000000100000000009406000003000000006708519200000080017000400
090004006700000000051000093008030000007100020500020040000000000010000000000008000
000000020030000001000300040000028000004090080700000000002450000000700003600010000
000000020030000001000300040000028000004090080700000000002450000000700003600010000
000000020030000001000300040000028000004090080700000000002450000000700003600010000
000060700000015000070400950080000400000021000000900083000000025600000000000000000
009050070000700000600000000020000000000000000000063010200008000780000500190000004
